OBSTACULOS
C 1039 174 146
R 1057 89 239 148
R 1795 481 146 39
R 1704 119 236 21
C 482 185 127
R 1727 1104 167 129
C 1211 1808 192
R 1029 229 57 194
L 1462 84 1163 488
L 1579 1992 1676 402
L 788 490 1673 230
R 397 223 92 284
L 1278 7 1109 1139
R 1121 493 315 137
C 1759 1686 99
L 1953 571 85 1859
L 1734 1102 1036 1229
L 381 916 1287 158
C 572 455 112
C 399 135 56
C 1940 311 58
C 449 1323 144
C 1498 919 76
R 318 205 369 282
L 765 1556 1533 128
L 1674 186 1966 1529
C 1105 1623 85
C 1383 1396 112
C 156 251 24
C 1117 1202 140
C 460 1630 140
R 429 443 160 347
L 846 58 1603 1794
C 251 930 104
C 388 776 150
L 1767 387 1710 1219
L 390 1674 1854 1414
C 1748 1658 18
L 1519 93 1318 1383
C 648 1093 11
L 1171 1912 1694 339
R 1527 891 70 259
R 1317 809 361 370
C 603 659 148
L 4 608 722 1415
L 914 959 1952 272
C 1630 1090 184
L 89 1171 1526 1743
C 1781 249 101
L 268 1457 1937 182
L 848 715 1615 1986
C 370 179 95
L 842 1313 1429 298
L 1523 1317 577 1080
L 526 15 1847 968
C 1596 182 55
L 1461 153 562 175
R 1312 341 366 226
R 1037 910 41 23
C 108 484 48
L 119 1699 949 872
L 157 95 1548 1399
C 453 1239 97
C 1260 201 95
R 553 1227 182 332
L 1235 1058 564 1992
R 1544 584 317 175
R 304 922 184 40
L 1273 1523 420 1483
L 655 1810 51 1535
C 456 105 14
R 1816 1694 96 217
L 827 1946 1335 1495
R 185 1475 335 322
C 941 1130 114
C 182 1698 110
L 95 176 1772 1911
L 896 1006 1031 1952
R 1094 1 168 297
C 1616 509 116
C 1073 286 148
C 1169 685 11
R 1019 1243 399 74
L 221 173 246 1658
L 977 997 1695 1952
C 792 1140 9
R 1004 1741 248 122
R 334 1654 311 73
L 1597 520 1904 1969
L 444 548 267 1619
C 444 1648 37
C 1548 793 11
C 513 1481 124
L 1089 673 1433 1476
C 441 768 103
C 857 1256 181
L 1481 1744 1390 1779
C 1408 1447 90
L 465 76 311 1672
C 827 513 22
C 488 1268 162
R 1633 253 128 100
R 1548 337 319 283
R 1904 111 20 191
L 1069 833 1936 1663
C 1101 921 9
L 1782 1593 1164 329
L 1264 1269 188 1299
L 119 694 1692 1108
C 1847 347 100
L 1579 1685 799 41
C 1075 1158 111
C 514 988 152
L 1275 1927 870 309
C 552 1736 47
C 598 127 8
C 1725 1520 53
R 1496 468 45 264
R 1532 329 307 272
R 1781 35 181 350
R 1499 852 395 367
C 1380 1785 33
C 329 1342 9
C 480 1201 171
L 1263 1783 1277 1846
C 679 919 178
R 572 1046 251 340
R 637 1459 40 140
C 1214 527 106
C 1787 1022 133
C 930 1376 170
C 486 484 16
R 942 1607 140 26
R 1093 1697 39 80
C 556 314 56
C 1561 1082 178
L 1721 1247 1043 1933
R 1009 1032 195 35
R 489 1549 340 204
L 636 1132 1624 1886
R 532 318 388 207
R 1127 1379 362 146
C 1679 770 20
R 1376 217 87 188
R 248 400 356 342
L 1523 1241 429 1354
C 1562 1298 4
C 1654 659 162
R 1307 433 188 125
C 758 136 116
R 746 494 358 185
L 292 1946 120 1263
L 1164 385 1584 678
R 38 789 152 150
C 846 346 118
L 1509 1635 1130 506
L 470 92 1940 699
L 1061 753 1164 459
R 796 1276 230 40
L 90 223 993 215
R 755 879 43 131
L 117 706 788 299
C 1194 279 69
L 667 100 418 504
C 1162 586 34
C 385 764 119
L 1926 1609 149 657
R 1422 92 148 388
R 1726 1612 84 378
L 1275 1954 1638 525
R 481 544 321 134
L 901 64 1390 885
L 1051 528 1604 1242
C 1488 979 91
L 298 576 1468 1737
C 353 931 69
C 1732 1918 16
R 1061 50 342 243
C 1502 1642 36
L 1145 374 1496 900
R 1320 1225 244 359
L 1288 575 709 286
C 258 1513 87
R 744 35 86 36
C 840 1256 155
L 898 1466 1145 1309
L 144 731 718 1460
L 1643 376 1743 1651
L 1538 923 801 743
C 1820 1783 156
R 995 1821 245 9
L 737 96 273 28
L 1191 104 1654 85
C 652 1003 95
C 1630 1802 19
R 503 1461 316 398
C 1519 1067 106
L 640 1578 1370 641
C 966 1352 74
R 1602 434 165 298
LIGHTS
F 645 41 820.22
F 988 791 44.03
F 708 1644 914.1
F 947 206 298.88
F 539 126 534.63
F 1571 1134 913.91
F 1332 1905 291.04
F 1098 1365 687.77
F 1637 1978 692
F 1339 702 748.65
F 481 11 948.52
F 750 1070 495.81
F 427 710 675.09
F 96 271 948.34
F 87 1715 908.91
F 1164 373 449.94
F 1742 1219 864.22
F 155 32 592.6
F 210 636 33.07
F 155 375 268.36
POINTS
P 1002 17
P 29 1338
P 548 1243
P 1490 1760
P 1442 1115
P 483 1619
P 1400 464
P 1081 241
P 906 597
P 881 1956
